,trainloss,trainacc,valloss,valacc
0,2.286357458900003,0.12761748721227623,2.210789442062378,0.21549999333918093
1,2.113196761711784,0.2127877238308987,1.9300291538238525,0.2936999933421612
2,1.9667705730404086,0.269229539672432,1.9330857992172241,0.33379999205470084
3,1.8590420548568296,0.30475143863417,1.8397098779678345,0.38499999046325684
4,1.7873529918358455,0.3296835038363171,1.6989253759384155,0.3979999911785126
5,1.731292822476848,0.3547834079436329,1.5832537412643433,0.4316999876499176
6,1.691528897456196,0.3678588555444537,1.7108758687973022,0.4384999883174896
7,1.6553570809571638,0.38165361253196933,1.8517799377441406,0.4495999890565872
8,1.61835215494151,0.3921635230179028,1.5739670991897583,0.45839998781681063
9,1.5906111755029624,0.4049272698057277,1.6531541347503662,0.4834999856352806
10,1.5608633665172644,0.4131313938923809,1.4292173385620117,0.48279998660087586
11,1.5382866066739993,0.4215712915448582,1.551511526107788,0.49859998524189
12,1.5171668410606092,0.4321211636676203,1.4767439365386963,0.5122999864816665
13,1.4975825511586025,0.44085677749360613,1.4899013042449951,0.5084999877214432
14,1.4759782802723254,0.4493486253196931,1.615501046180725,0.5141999858617783
15,1.4596965831259023,0.4550911125624576,1.290956735610962,0.529999986588955
16,1.4361043205041715,0.4635070332938143,1.5068342685699463,0.5394999885559082
17,1.421892125893127,0.471371483467424,1.2811369895935059,0.5461999875307083
18,1.4057120831726153,0.4784327045730922,1.3362841606140137,0.5451999890804291
19,1.3877053212021928,0.4826766304347826,1.3768582344055176,0.5562999844551086
20,1.3752070811703383,0.49371803066004877,1.2207410335540771,0.5619999879598617
21,1.363108578240475,0.49672314578005117,1.5194951295852661,0.567599987089634
22,1.353508554151296,0.49944053708439895,1.3280832767486572,0.5640999868512153
23,1.340587241265475,0.5056825447875215,1.2287184000015259,0.571999988257885
24,1.3267034075754074,0.5106817454938084,1.2274940013885498,0.5800999861955642
25,1.3148567200926564,0.5183184143832272,1.2126235961914062,0.5685999852418899
26,1.3119349171743369,0.5140944693399512,1.6310144662857056,0.5855999866127968
27,1.295870838872612,0.5202046036720276,1.1574751138687134,0.5851999861001969
28,1.2893531145647055,0.5253676470283353,1.304258942604065,0.5866999858617783
29,1.27798119774255,0.5277773338510557,1.4112249612808228,0.5853999862074852
30,1.269924221441264,0.5305986253501814,1.199455976486206,0.595399985909462
31,1.270245652369526,0.5303988171660382,1.2730845212936401,0.5985999888181687
32,1.2603380963625506,0.5381993287054779,1.2716915607452393,0.599199986755848
33,1.2512659445748,0.5396779092681377,1.1871697902679443,0.5977999886870384
34,1.2474959678662099,0.5402213874680307,1.201059103012085,0.5993999874591828
35,1.2431686201973644,0.5413802749360613,1.2620949745178223,0.6084999856352806
36,1.2373408155368113,0.5469149616368286,1.2255122661590576,0.6057999876141548
37,1.2223058079209779,0.5531170077031226,1.3148090839385986,0.6135999870300293
38,1.2205961145403441,0.5507153133144769,1.3516137599945068,0.6116999858617782
39,1.2164883933713675,0.5552749360918694,1.1696593761444092,0.6029999858140945
40,1.2082046569155915,0.5592071612167846,1.4424084424972534,0.6109999859333038
41,1.2086684586446914,0.5584558823224529,1.1854690313339233,0.611899987757206
42,1.1988863057797523,0.5628316815551895,1.1657288074493408,0.6202999860048294
43,1.1952242316187496,0.562567934813097,1.1069881916046143,0.6190999853610992
44,1.192786919643812,0.563003516639285,1.2758482694625854,0.6165999865531921
45,1.189847596466084,0.5659566815856778,0.9046713709831238,0.6105999845266342
46,1.1809437267310785,0.5649616369201095,1.135494351387024,0.6249999850988388
47,1.1831781900752232,0.5670955882352942,1.2624553442001343,0.6227999848127365
48,1.1790140848940291,0.5683743606138107,1.0209810733795166,0.6311999836564064
49,1.1730534742250467,0.5701806266289537,1.169064998626709,0.6285999858379364
50,1.170963503820512,0.5695252557239874,1.1604259014129639,0.6226999896764756
51,1.165183224184129,0.573349584398977,1.0354012250900269,0.6316999867558479
52,1.1618405749730747,0.5742726983011835,1.0688904523849487,0.625999984741211
53,1.161794522534246,0.5743286445012787,1.0054051876068115,0.6295999854803085
54,1.158639322613816,0.5767303389661452,0.9396811723709106,0.6356999862194062
55,1.153482494299369,0.5781090154367334,1.0914381742477417,0.6328999868035317
56,1.1539608555681564,0.5754555626903348,1.3116116523742676,0.631199985742569
57,1.1509742184978007,0.5798233695652174,1.3620283603668213,0.6298999857902526
58,1.1449188526024294,0.5815696931251174,0.9259859919548035,0.6317999869585037
59,1.144767975410842,0.5798473466387795,1.1431355476379395,0.64059998691082
60,1.1395463137065662,0.5831162085008743,1.126741647720337,0.6369999861717224
61,1.1350880373469399,0.5863650895445548,1.0792832374572754,0.6404999852180481
62,1.1354565874999747,0.5865209399891631,1.1439589262008667,0.6298999869823456
63,1.1293882431886386,0.5885789642858383,1.1859807968139648,0.6344999861717224
64,1.1300231945484192,0.5859894500973889,1.0549499988555908,0.6363999843597412
65,1.1248639454622098,0.5906889386799025,0.9568547010421753,0.6354999834299088
66,1.124123592968182,0.5876558503836317,1.1738859415054321,0.6401999866962433
67,1.1280088613710135,0.5868885869260334,1.2648752927780151,0.6377999860048295
68,1.1180733315780034,0.5906170077640992,1.1186949014663696,0.6400999891757965
69,1.118368030051746,0.5928708439897699,1.004347801208496,0.6405999863147736
70,1.119593948506943,0.5930986253501814,1.0568907260894775,0.6368999886512756
71,1.1127228012780095,0.5944892902813299,0.9293652772903442,0.6411999899148941
72,1.1158364268824876,0.5908367967666568,1.1830723285675049,0.6426999855041504
73,1.1162075077176399,0.5932344949763754,1.0267537832260132,0.6459999865293503
74,1.107944401633709,0.5968750000304883,1.0283887386322021,0.6443999844789505
75,1.1086126791546718,0.5956601662099209,0.9432953596115112,0.6394999873638153
76,1.1044157876078124,0.5977861253196931,0.9926978349685669,0.6440999859571457
77,1.101978999574471,0.5981138107721763,0.9684908986091614,0.6448999869823456
78,1.1041097912337163,0.5971507353855826,1.3429409265518188,0.6461999875307083
79,1.1003904864001457,0.5962116369201095,1.0722419023513794,0.6424999862909317
80,1.097633936978362,0.5997602302400048,0.9688013195991516,0.6453999865055084
81,1.1010358422003743,0.6008511828949384,0.9852299690246582,0.6453999829292297
82,1.0985071928909673,0.5993006714164754,1.1127493381500244,0.6467999869585037
83,1.0917559775245158,0.6006194054318206,1.1800878047943115,0.6449999886751175
84,1.093187085045573,0.5990808824139178,1.220309853553772,0.6442999887466431
85,1.0910591870317679,0.6004595588082853,1.3658998012542725,0.6458999848365784
86,1.0910568632128295,0.602113970557747,0.96650630235672,0.6435999858379364
87,1.0932983332277868,0.5971147698514602,1.284578561782837,0.6486999905109405
88,1.0881203129468366,0.6012867647973473,1.198782205581665,0.6478999888896942
89,1.0821338910276017,0.6034446931860941,1.1627717018127441,0.6466999864578247
90,1.0856442925570262,0.6042679028437875,1.0281879901885986,0.6466999864578247
91,1.0863570990159994,0.6034247123676798,0.9697678685188293,0.647399987578392
92,1.0860798871120834,0.6040161445622554,0.908134937286377,0.6447999882698059
93,1.0838992306033668,0.6038123401229644,1.4063942432403564,0.6491999876499176
94,1.0838331503941274,0.6029291880100279,1.0162063837051392,0.64829998254776
95,1.0752258756581474,0.6078324808793909,0.914071261882782,0.6455999875068664
96,1.0797257441693864,0.6045636190172962,0.9136412739753723,0.6473999857902527
97,1.0798514587495027,0.6035006393861893,1.1426056623458862,0.6501999855041504
98,1.0813081764504122,0.6044677110279307,0.9859620928764343,0.6492999857664108
99,1.0794740163761636,0.6063499040615833,1.0483993291854858,0.6545999872684479
